13
P35579_MYH9_HUMAN           0.0000000 0.2989959 0.5909658 0.0300888 0.3016539 0.6168573 0.0782485 0.2920967 0.3080560 0.2994320 0.7292917 1.5379866 2.5467275 
P35580_MYH10_HUMAN          0.2989959 0.0000000 0.5503042 0.3100151 0.0091985 0.5789950 0.3019309 0.0423287 0.4420395 0.1099094 0.6903910 1.5117866 2.4748595 
Q7Z406_MYH14_HUMAN          0.5909658 0.5503042 0.0000000 0.5893793 0.5496138 0.0786944 0.5919471 0.5479323 0.6504180 0.5486729 0.9114762 1.6315809 2.7788065 
Q8VDD5_MYH9_MOUSE           0.0300888 0.3100151 0.5893793 0.0000000 0.3080561 0.6131599 0.0823392 0.3018622 0.3146593 0.3071294 0.7226670 1.5597780 2.5524237 
Q61879_MYH10_MOUSE          0.3016539 0.0091985 0.5496138 0.3080561 0.0000000 0.5796039 0.2994683 0.0435663 0.4454759 0.1113425 0.6846277 1.5239514 2.4650692 
Q6URW6_MYH14_MOUSE          0.6168573 0.5789950 0.0786944 0.6131599 0.5796039 0.0000000 0.6213158 0.5868886 0.6638323 0.5845758 0.9415068 1.6600845 2.8342701 
P14105_MYH9_CHICK           0.0782485 0.3019309 0.5919471 0.0823392 0.2994683 0.6213158 0.0000000 0.2916977 0.3065029 0.3116720 0.7298461 1.5469891 2.5772858 
Q789A4_MYH10_CHICK          0.2920967 0.0423287 0.5479323 0.3018622 0.0435663 0.5868886 0.2916977 0.0000000 0.4304849 0.0955460 0.7004390 1.5246965 2.4631529 
A0A8M2BCY6_myh9a_ZEBRA_FISH 0.3080560 0.4420395 0.6504180 0.3146593 0.4454759 0.6638323 0.3065029 0.4304849 0.0000000 0.4307042 0.7654725 1.5042179 2.5675805 
I3ISA3_myh10_ZEBRA_FISH     0.2994320 0.1099094 0.5486729 0.3071294 0.1113425 0.5845758 0.3116720 0.0955460 0.4307042 0.0000000 0.7060283 1.5567190 2.5001546 
Q99323_ZIP_DROSOPHILA       0.7292917 0.6903910 0.9114762 0.7226670 0.6846277 0.9415068 0.7298461 0.7004390 0.7654725 0.7060283 0.0000000 1.4384444 2.5327042 
Q22869_nmy-2_CAENORHABDITIS 1.5379866 1.5117866 1.6315809 1.5597780 1.5239514 1.6600845 1.5469891 1.5246965 1.5042179 1.5567190 1.4384444 0.0000000 3.0998580 
P08799_mhcA_DICTYOSTELIUM   2.5467275 2.4748595 2.7788065 2.5524237 2.4650692 2.8342701 2.5772858 2.4631529 2.5675805 2.5001546 2.5327042 3.0998580 0.0000000 
