13
P35579_MYH9_HUMAN           0.0000000 0.1395514 0.2602852 0.0059268 0.1395514 0.2569333 0.0164846 0.1414396 0.1248992 0.1497977 0.4027522 0.7664482 1.2437256 
P35580_MYH10_HUMAN          0.1395514 0.0000000 0.2208047 0.1363906 0.0000010 0.2312425 0.1327421 0.0073565 0.2139788 0.0380924 0.3720602 0.7505715 1.2228050 
Q7Z406_MYH14_HUMAN          0.2602852 0.2208047 0.0000000 0.2575893 0.2208047 0.0183828 0.2592873 0.2258945 0.3053538 0.2281473 0.4352190 0.7942698 1.3570895 
Q8VDD5_MYH9_MOUSE           0.0059268 0.1363906 0.2575893 0.0000000 0.1363906 0.2583888 0.0164409 0.1346462 0.1217864 0.1494450 0.4038955 0.7722294 1.2451498 
Q61879_MYH10_MOUSE          0.1395514 0.0000010 0.2208047 0.1363906 0.0000000 0.2312425 0.1327421 0.0073565 0.2139788 0.0380924 0.3720602 0.7505715 1.2228050 
Q6URW6_MYH14_MOUSE          0.2569333 0.2312425 0.0183828 0.2583888 0.2312425 0.0000000 0.2590626 0.2549918 0.3042931 0.2520895 0.4565004 0.8145670 1.3911493 
P14105_MYH9_CHICK           0.0164846 0.1327421 0.2592873 0.0164409 0.1327421 0.2590626 0.0000000 0.1346237 0.1217910 0.1439637 0.4036735 0.7647934 1.2473973 
Q789A4_MYH10_CHICK          0.1414396 0.0073565 0.2258945 0.1346462 0.0073565 0.2549918 0.1346237 0.0000000 0.2181024 0.0392327 0.3887810 0.7690563 1.2190432 
A0A8M1NEM1_myh9a_ZEBRA_FISH 0.1248992 0.2139788 0.3053538 0.1217864 0.2139788 0.3042931 0.1217910 0.2181024 0.0000000 0.2146571 0.4372997 0.7964371 1.2911707 
I3ISA3_myh10_ZEBRA_FISH     0.1497977 0.0380924 0.2281473 0.1494450 0.0380924 0.2520895 0.1439637 0.0392327 0.2146571 0.0000000 0.3916568 0.7706698 1.2397537 
Q99323_ZIP_DROSOPHILA       0.4027522 0.3720602 0.4352190 0.4038955 0.3720602 0.4565004 0.4036735 0.3887810 0.4372997 0.3916568 0.0000000 0.6603488 1.2128577 
Q22869_nmy-2_CAENORHABDITIS 0.7664482 0.7505715 0.7942698 0.7722294 0.7505715 0.8145670 0.7647934 0.7690563 0.7964371 0.7706698 0.6603488 0.0000000 1.4664881 
P08799_mhcA_DICTYOSTELIUM   1.2437256 1.2228050 1.3570895 1.2451498 1.2228050 1.3911493 1.2473973 1.2190432 1.2911707 1.2397537 1.2128577 1.4664881 0.0000000 
